10
0 0 2.730000e+02
1 0 3.030000e+02
2 0 2.170000e+02
3 0 3.450000e+02
4 0 2.590000e+02
5 0 2.140000e+02
6 0 1.730000e+02
7 0 2.400000e+02
8 0 2.190000e+02
9 0 2.200000e+02
0 1 3.030000e+02
1 1 5.310000e+02
2 1 3.530000e+02
3 1 4.530000e+02
4 1 4.500000e+02
5 1 3.120000e+02
6 1 2.690000e+02
7 1 3.310000e+02
8 1 3.260000e+02
9 1 3.250000e+02
0 2 2.170000e+02
1 2 3.530000e+02
2 2 3.690000e+02
3 2 3.790000e+02
4 2 3.210000e+02
5 2 2.810000e+02
6 2 1.690000e+02
7 2 2.320000e+02
8 2 2.360000e+02
9 2 2.170000e+02
0 3 3.450000e+02
1 3 4.530000e+02
2 3 3.790000e+02
3 3 5.260000e+02
4 3 3.860000e+02
5 3 3.290000e+02
6 3 2.320000e+02
7 3 3.570000e+02
8 3 3.270000e+02
9 3 2.830000e+02
0 4 2.590000e+02
1 4 4.500000e+02
2 4 3.210000e+02
3 4 3.860000e+02
4 4 4.260000e+02
5 4 2.760000e+02
6 4 2.410000e+02
7 4 3.020000e+02
8 4 2.630000e+02
9 4 2.960000e+02
0 5 2.140000e+02
1 5 3.120000e+02
2 5 2.810000e+02
3 5 3.290000e+02
4 5 2.760000e+02
5 5 3.360000e+02
6 5 1.800000e+02
7 5 2.440000e+02
8 5 2.660000e+02
9 5 2.070000e+02
0 6 1.730000e+02
1 6 2.690000e+02
2 6 1.690000e+02
3 6 2.320000e+02
4 6 2.410000e+02
5 6 1.800000e+02
6 6 1.560000e+02
7 6 1.800000e+02
8 6 1.780000e+02
9 6 1.930000e+02
0 7 2.400000e+02
1 7 3.310000e+02
2 7 2.320000e+02
3 7 3.570000e+02
4 7 3.020000e+02
5 7 2.440000e+02
6 7 1.800000e+02
7 7 3.570000e+02
8 7 2.670000e+02
9 7 2.210000e+02
0 8 2.190000e+02
1 8 3.260000e+02
2 8 2.360000e+02
3 8 3.270000e+02
4 8 2.630000e+02
5 8 2.660000e+02
6 8 1.780000e+02
7 8 2.670000e+02
8 8 2.850000e+02
9 8 2.250000e+02
0 9 2.200000e+02
1 9 3.250000e+02
2 9 2.170000e+02
3 9 2.830000e+02
4 9 2.960000e+02
5 9 2.070000e+02
6 9 1.930000e+02
7 9 2.210000e+02
8 9 2.250000e+02
9 9 2.790000e+02
0 4.000000e+00
1 8.000000e+00
2 5.000000e+00
3 2.000000e+00
4 1.000000e+00
5 8.000000e+00
6 9.000000e+00
7 1.000000e+00
8 7.000000e+00
9 3.000000e+00
